Spawn:
  World-Name: world
  X: -159.95052875460578
  Y: 63.0
  Z: 153.07073981133698
  Yaw: 176.54114
  Pitch: 19.19916
