95b646ab-1d1c-4dbb-98fc-baa752362b0c:
  world: world
  x: -183.0791625476233
  y: 80.02505118134835
  z: 189.67685176093815
  yaw: -164.10786
  pitch: -4.9508963
